 (5+7)–(6x2)=|0
 8+7-6-7+9=|11
 1+1+2+1+3-3-2=|3
 5+(-5)=|0
 2x4+7x5=|43
 2x3x0x3x5x10x3=|0
 2+2=?|4
 6+8=?|14
 7+7=?|14
 2x50-80=?|20
 4+2=?|6
 8x2=?|16
 11x7=?|77
 12x12=?|144
 11x11=?|121
 7x9=?|63
 6x7=?|42
 7x7=?|49
 1 2 3 4 5 6 ?|7
 2 4 6 8 10 ?|12
 2 3 5 4 5 7 ?|6
  2 1 ? 2 1 4|4
 2-5+4=?|1
 0 2 ? 6 8 10|4
 5+?=14|9
 8x?=72|9
 7+2x?=13|3
 3/?x4=6|2
 (7+2)x?=27|3
 9 2 8 3 ? 4 6 5|7
 2 5  ? 6 4 7|3
 1 3 5 7 ?|9
 3+6-9+?x2=2|4
 3+6-9+?x2=8|4
 2x3+2=?|8
 2x(3+2)=?|10
 2x(3+?)=10|2
 2x(3+?)=8|1
 ?x(3+1)=8|2
 2 4 3 ? 4 6|5
 4+8=?|12
 120-33=?|87
 1 9 2 ? 3 7 4 6|8
 6-1+9=?|14
 ?-1+9=14|6
 1 ? 5 7 9|3
 ?x2=16|8
 ? 2 4 6 8 10|0
 7+?x3=13|2
 2 3 5 4 ? 7 6|5
 3/2x4=?|6
 6/?x5+7x2=20|5
 2 4 3 ? 3 5 4 2|1
 20 25 30 ? 40 45 50|35
 6 1 7 ? 8 3 9 4|2
 1 5 1 ? 1 7 1 8 1|6
 2 5 7 1 ? 6 8 2 4|3
 6x7+10-50=?|2
 2 4 3 1 3 ? 4 2|5
 6/5x5+7x2=?|20